-12.7881 1.3654 -8.014 0.372901 0 0.0525 -2.314532 0.008862 0 0 0.2262 0
-12.7008 1.3869 -5.971 0.615929 0 0.064402 -3.374716 -0.017514 0 0 0.2719 0.1218
-12.5267 1.4299 -4.79 0.832529 0 0.069714 -4.171766 -0.016871 0 0 0.2646 1.5842
-12.267 1.494 -3.872 1.000338 0 0.067647 -4.713018 -0.028952 0 0 0.2734 7.9696
-11.9235 1.5787 -3.171 1.120921 0 0.062029 -4.905254 -0.041474 0 0 0.2815 26.1219
-11.4986 1.6835 -2.65 1.20178 0 0.055525 -4.804728 -0.050668 0 0 0.2866 66.6918
-10.9951 1.8077 -2.295 1.252398 0 0.05009 -4.507026 -0.056357 0 0 0.2893 144.4061
-10.4165 1.9504 -2.087 1.281249 0 0.046569 -4.097925 -0.059536 0 0 0.2907 278.1447
-9.7668 2.1107 -1.994 1.294554 0 0.044949 -3.639641 -0.061169 0 0 0.2914 490.8514
-9.0503 2.2875 -1.986 1.296382 0 0.044804 -3.172299 -0.061879 0 0 0.2918 809.2454
-8.272 2.4794 -2.037 1.289312 0 0.045707 -2.720255 -0.062078 0 0 0.2922 1263.2675
-7.4372 2.6854 -2.13 1.274869 0 0.047243 -2.297197 -0.061992 0 0 0.2927 1885.2215
-6.5516 2.9038 -2.251 1.253915 0 0.049082 -1.910172 -0.061761 0 0 0.2933 2708.5781
-5.6213 3.1333 -2.388 1.226835 0 0.050928 -1.561938 -0.061506 0 0 0.2942 3766.4524
-4.6526 3.3723 -2.53 1.193647 0 0.052481 -1.252808 -0.061401 0 0 0.2955 5089.7849
-3.652 3.6191 -2.664 1.154019 0 0.053355 -0.981892 -0.061761 0 0 0.2976 6705.292
-2.6266 3.8721 -2.764 1.107256 0 0.052996 -0.748053 -0.063348 0 0 0.3015 8633.2618
-1.5831 4.1295 -2.777 1.051891 0 0.050265 -0.55108 -0.068011 0 0 0.3091 10885.2995
-0.5289 4.3895 -2.551 0.980212 0 0.041422 -0.394355 -0.082247 0 0 0.3287 13462.0307
0.5289 4.3895 -2.551 0.980212 0 0.041422 -0.394355 -0.082247 0 0 0.3287 13462.0307
1.5831 4.1295 -2.777 1.051891 0 0.050265 -0.55108 -0.068011 0 0 0.3091 10885.2995
2.6266 3.8721 -2.764 1.107256 0 0.052996 -0.748053 -0.063348 0 0 0.3015 8633.2618
3.652 3.6191 -2.664 1.154019 0 0.053355 -0.981892 -0.061761 0 0 0.2976 6705.292
4.6526 3.3723 -2.53 1.193647 0 0.052481 -1.252808 -0.061401 0 0 0.2955 5089.7849
5.6213 3.1333 -2.388 1.226835 0 0.050928 -1.561938 -0.061506 0 0 0.2942 3766.4524
6.5516 2.9038 -2.251 1.253915 0 0.049082 -1.910172 -0.061761 0 0 0.2933 2708.5781
7.4372 2.6854 -2.13 1.274869 0 0.047243 -2.297197 -0.061992 0 0 0.2927 1885.2215
8.272 2.4794 -2.037 1.289312 0 0.045707 -2.720255 -0.062078 0 0 0.2922 1263.2675
9.0503 2.2875 -1.986 1.296382 0 0.044804 -3.172299 -0.061879 0 0 0.2918 809.2454
9.7668 2.1107 -1.994 1.294554 0 0.044949 -3.639641 -0.061169 0 0 0.2914 490.8514
10.4165 1.9504 -2.087 1.281249 0 0.046569 -4.097925 -0.059536 0 0 0.2907 278.1447
10.9951 1.8077 -2.295 1.252398 0 0.05009 -4.507026 -0.056357 0 0 0.2893 144.4061
11.4986 1.6835 -2.65 1.20178 0 0.055525 -4.804728 -0.050668 0 0 0.2866 66.6918
11.9235 1.5787 -3.171 1.120921 0 0.062029 -4.905254 -0.041474 0 0 0.2815 26.1219
12.267 1.494 -3.872 1.000338 0 0.067647 -4.713018 -0.028952 0 0 0.2734 7.9696
12.5267 1.4299 -4.79 0.832529 0 0.069714 -4.171766 -0.016871 0 0 0.2646 1.5842
12.7008 1.3869 -5.971 0.615929 0 0.064402 -3.374716 -0.017514 0 0 0.2719 0.1218
12.7881 1.3654 -8.014 0.372901 0 0.0525 -2.314532 0.008862 0 0 0.2262 0
