-12.7881 1.3654 -3.288 0.108651 0 0.006245 -0.726516 -0.034522 0 0 0.5045 0
-12.7008 1.3869 -1.976 0.174238 0 0.006015 -1.007086 -0.051955 0 0 0.5222 0.0355
-12.5267 1.4299 -1.168 0.227518 0 0.004639 -1.186624 -0.057217 0 0 0.4922 0.4514
-12.267 1.494 -0.735 0.268805 0 0.00345 -1.306588 -0.061535 0 0 0.472 2.2212
-11.9235 1.5787 -0.527 0.301736 0 0.002774 -1.357006 -0.064473 0 0 0.457 7.1715
-11.4986 1.6835 -0.432 0.328305 0 0.002478 -1.347381 -0.06625 0 0 0.4453 18.1739
-10.9951 1.8077 -0.402 0.349739 0 0.002452 -1.29274 -0.067188 0 0 0.4358 39.3128
-10.4165 1.9504 -0.41 0.366881 0 0.002626 -1.207635 -0.067603 0 0 0.4282 76.0194
-9.7668 2.1107 -0.444 0.380283 0 0.002949 -1.103984 -0.067717 0 0 0.4223 135.1529
-9.0503 2.2875 -0.495 0.390281 0 0.003373 -0.990799 -0.06766 0 0 0.4179 225.0026
-8.272 2.4794 -0.557 0.397094 0 0.003862 -0.874704 -0.06751 0 0 0.4148 355.1841
-7.4372 2.6854 -0.626 0.400856 0 0.004383 -0.760397 -0.067305 0 0 0.413 536.4096
-6.5516 2.9038 -0.7 0.401657 0 0.004911 -0.651126 -0.067073 0 0 0.4123 780.119
-5.6213 3.1333 -0.777 0.399538 0 0.00542 -0.548992 -0.066837 0 0 0.4129 1097.9722
-4.6526 3.3723 -0.854 0.394473 0 0.005884 -0.45527 -0.066632 0 0 0.4149 1501.2164
-3.652 3.6191 -0.928 0.386352 0 0.006265 -0.370697 -0.066532 0 0 0.4186 1999.945
-2.6266 3.8721 -0.994 0.374956 0 0.006512 -0.295734 -0.066722 0 0 0.425 2602.2825
-1.5831 4.1295 -1.034 0.359825 0 0.006506 -0.230874 -0.067631 0 0 0.4358 3313.5308
-0.5289 4.3895 -0.978 0.339583 0 0.005828 -0.177487 -0.070934 0 0 0.4581 4135.293
0.5289 4.3895 -0.978 0.339583 0 0.005828 -0.177487 -0.070934 0 0 0.4581 4135.293
1.5831 4.1295 -1.034 0.359825 0 0.006506 -0.230874 -0.067631 0 0 0.4358 3313.5308
2.6266 3.8721 -0.994 0.374956 0 0.006512 -0.295734 -0.066722 0 0 0.425 2602.2825
3.652 3.6191 -0.928 0.386352 0 0.006265 -0.370697 -0.066532 0 0 0.4186 1999.945
4.6526 3.3723 -0.854 0.394473 0 0.005884 -0.45527 -0.066632 0 0 0.4149 1501.2164
5.6213 3.1333 -0.777 0.399538 0 0.00542 -0.548992 -0.066837 0 0 0.4129 1097.9722
6.5516 2.9038 -0.7 0.401657 0 0.004911 -0.651126 -0.067073 0 0 0.4123 780.119
7.4372 2.6854 -0.626 0.400856 0 0.004383 -0.760397 -0.067305 0 0 0.413 536.4096
8.272 2.4794 -0.557 0.397094 0 0.003862 -0.874704 -0.06751 0 0 0.4148 355.1841
9.0503 2.2875 -0.495 0.390281 0 0.003373 -0.990799 -0.06766 0 0 0.4179 225.0026
9.7668 2.1107 -0.444 0.380283 0 0.002949 -1.103984 -0.067717 0 0 0.4223 135.1529
10.4165 1.9504 -0.41 0.366881 0 0.002626 -1.207635 -0.067603 0 0 0.4282 76.0194
10.9951 1.8077 -0.402 0.349739 0 0.002452 -1.29274 -0.067188 0 0 0.4358 39.3128
11.4986 1.6835 -0.432 0.328305 0 0.002478 -1.347381 -0.06625 0 0 0.4453 18.1739
11.9235 1.5787 -0.527 0.301736 0 0.002774 -1.357006 -0.064473 0 0 0.457 7.1715
12.267 1.494 -0.735 0.268805 0 0.00345 -1.306588 -0.061535 0 0 0.472 2.2212
12.5267 1.4299 -1.168 0.227518 0 0.004639 -1.186624 -0.057217 0 0 0.4922 0.4514
12.7008 1.3869 -1.976 0.174238 0 0.006015 -1.007086 -0.051955 0 0 0.5222 0.0355
12.7881 1.3654 -3.288 0.108651 0 0.006245 -0.726516 -0.034522 0 0 0.5045 0
